{
 "cells": [
  {
   "cell_type": "code",
   "execution_count": 1,
   "metadata": {
    "scrolled": true
   },
   "outputs": [],
   "source": [
    "import pandas as pd\n",
    "import numpy as np\n",
    "import matplotlib.pyplot as plt\n",
    "\n",
    "from talib import abstract\n",
    "\n",
    "plt.style.use(\"seaborn\")"
   ]
  },
  {
   "cell_type": "code",
   "execution_count": 2,
   "metadata": {},
   "outputs": [],
   "source": [
    "df = pd.read_csv(\"bid_ask.csv\", parse_dates = [\"time\"], index_col = \"time\")"
   ]
  },
  {
   "cell_type": "code",
   "execution_count": 3,
   "metadata": {},
   "outputs": [
    {
     "data": {
      "text/html": [
       "<div>\n",
       "<style scoped>\n",
       "    .dataframe tbody tr th:only-of-type {\n",
       "        vertical-align: middle;\n",
       "    }\n",
       "\n",
       "    .dataframe tbody tr th {\n",
       "        vertical-align: top;\n",
       "    }\n",
       "\n",
       "    .dataframe thead th {\n",
       "        text-align: right;\n",
       "    }\n",
       "</style>\n",
       "<table border=\"1\" class=\"dataframe\">\n",
       "  <thead>\n",
       "    <tr style=\"text-align: right;\">\n",
       "      <th></th>\n",
       "      <th>volume</th>\n",
       "      <th>ask</th>\n",
       "      <th>bid</th>\n",
       "      <th>spread</th>\n",
       "      <th>mid</th>\n",
       "    </tr>\n",
       "    <tr>\n",
       "      <th>time</th>\n",
       "      <th></th>\n",
       "      <th></th>\n",
       "      <th></th>\n",
       "      <th></th>\n",
       "      <th></th>\n",
       "    </tr>\n",
       "  </thead>\n",
       "  <tbody>\n",
       "    <tr>\n",
       "      <th>2019-07-21 21:00:00+00:00</th>\n",
       "      <td>12</td>\n",
       "      <td>1.12164</td>\n",
       "      <td>1.12131</td>\n",
       "      <td>0.00033</td>\n",
       "      <td>1.121475</td>\n",
       "    </tr>\n",
       "    <tr>\n",
       "      <th>2019-07-21 21:05:00+00:00</th>\n",
       "      <td>12</td>\n",
       "      <td>1.12182</td>\n",
       "      <td>1.12157</td>\n",
       "      <td>0.00025</td>\n",
       "      <td>1.121695</td>\n",
       "    </tr>\n",
       "    <tr>\n",
       "      <th>2019-07-21 21:10:00+00:00</th>\n",
       "      <td>1</td>\n",
       "      <td>1.12176</td>\n",
       "      <td>1.12158</td>\n",
       "      <td>0.00018</td>\n",
       "      <td>1.121670</td>\n",
       "    </tr>\n",
       "    <tr>\n",
       "      <th>2019-07-21 21:15:00+00:00</th>\n",
       "      <td>18</td>\n",
       "      <td>1.12190</td>\n",
       "      <td>1.12141</td>\n",
       "      <td>0.00049</td>\n",
       "      <td>1.121655</td>\n",
       "    </tr>\n",
       "    <tr>\n",
       "      <th>2019-07-21 21:20:00+00:00</th>\n",
       "      <td>9</td>\n",
       "      <td>1.12201</td>\n",
       "      <td>1.12167</td>\n",
       "      <td>0.00034</td>\n",
       "      <td>1.121840</td>\n",
       "    </tr>\n",
       "    <tr>\n",
       "      <th>...</th>\n",
       "      <td>...</td>\n",
       "      <td>...</td>\n",
       "      <td>...</td>\n",
       "      <td>...</td>\n",
       "      <td>...</td>\n",
       "    </tr>\n",
       "    <tr>\n",
       "      <th>2020-10-20 23:35:00+00:00</th>\n",
       "      <td>81</td>\n",
       "      <td>1.18275</td>\n",
       "      <td>1.18261</td>\n",
       "      <td>0.00014</td>\n",
       "      <td>1.182680</td>\n",
       "    </tr>\n",
       "    <tr>\n",
       "      <th>2020-10-20 23:40:00+00:00</th>\n",
       "      <td>92</td>\n",
       "      <td>1.18276</td>\n",
       "      <td>1.18263</td>\n",
       "      <td>0.00013</td>\n",
       "      <td>1.182695</td>\n",
       "    </tr>\n",
       "    <tr>\n",
       "      <th>2020-10-20 23:45:00+00:00</th>\n",
       "      <td>101</td>\n",
       "      <td>1.18275</td>\n",
       "      <td>1.18262</td>\n",
       "      <td>0.00013</td>\n",
       "      <td>1.182685</td>\n",
       "    </tr>\n",
       "    <tr>\n",
       "      <th>2020-10-20 23:50:00+00:00</th>\n",
       "      <td>63</td>\n",
       "      <td>1.18311</td>\n",
       "      <td>1.18297</td>\n",
       "      <td>0.00014</td>\n",
       "      <td>1.183040</td>\n",
       "    </tr>\n",
       "    <tr>\n",
       "      <th>2020-10-20 23:55:00+00:00</th>\n",
       "      <td>89</td>\n",
       "      <td>1.18298</td>\n",
       "      <td>1.18285</td>\n",
       "      <td>0.00013</td>\n",
       "      <td>1.182915</td>\n",
       "    </tr>\n",
       "  </tbody>\n",
       "</table>\n",
       "<p>93021 rows × 5 columns</p>\n",
       "</div>"
      ],
      "text/plain": [
       "                           volume      ask      bid   spread       mid\n",
       "time                                                                  \n",
       "2019-07-21 21:00:00+00:00      12  1.12164  1.12131  0.00033  1.121475\n",
       "2019-07-21 21:05:00+00:00      12  1.12182  1.12157  0.00025  1.121695\n",
       "2019-07-21 21:10:00+00:00       1  1.12176  1.12158  0.00018  1.121670\n",
       "2019-07-21 21:15:00+00:00      18  1.12190  1.12141  0.00049  1.121655\n",
       "2019-07-21 21:20:00+00:00       9  1.12201  1.12167  0.00034  1.121840\n",
       "...                           ...      ...      ...      ...       ...\n",
       "2020-10-20 23:35:00+00:00      81  1.18275  1.18261  0.00014  1.182680\n",
       "2020-10-20 23:40:00+00:00      92  1.18276  1.18263  0.00013  1.182695\n",
       "2020-10-20 23:45:00+00:00     101  1.18275  1.18262  0.00013  1.182685\n",
       "2020-10-20 23:50:00+00:00      63  1.18311  1.18297  0.00014  1.183040\n",
       "2020-10-20 23:55:00+00:00      89  1.18298  1.18285  0.00013  1.182915\n",
       "\n",
       "[93021 rows x 5 columns]"
      ]
     },
     "execution_count": 3,
     "metadata": {},
     "output_type": "execute_result"
    }
   ],
   "source": [
    "df"
   ]
  },
  {
   "cell_type": "code",
   "execution_count": 6,
   "metadata": {},
   "outputs": [
    {
     "data": {
      "text/html": [
       "<div>\n",
       "<style scoped>\n",
       "    .dataframe tbody tr th:only-of-type {\n",
       "        vertical-align: middle;\n",
       "    }\n",
       "\n",
       "    .dataframe tbody tr th {\n",
       "        vertical-align: top;\n",
       "    }\n",
       "\n",
       "    .dataframe thead th {\n",
       "        text-align: right;\n",
       "    }\n",
       "</style>\n",
       "<table border=\"1\" class=\"dataframe\">\n",
       "  <thead>\n",
       "    <tr style=\"text-align: right;\">\n",
       "      <th></th>\n",
       "      <th>volume</th>\n",
       "      <th>ask</th>\n",
       "      <th>bid</th>\n",
       "      <th>spread</th>\n",
       "      <th>mid</th>\n",
       "      <th>Ask_Dir</th>\n",
       "      <th>SMA</th>\n",
       "      <th>SMA_Dir</th>\n",
       "      <th>RSI</th>\n",
       "      <th>RSI_Dir</th>\n",
       "      <th>fastk</th>\n",
       "      <th>fastd</th>\n",
       "      <th>fastk_Dir</th>\n",
       "      <th>fastd_Dir</th>\n",
       "    </tr>\n",
       "    <tr>\n",
       "      <th>time</th>\n",
       "      <th></th>\n",
       "      <th></th>\n",
       "      <th></th>\n",
       "      <th></th>\n",
       "      <th></th>\n",
       "      <th></th>\n",
       "      <th></th>\n",
       "      <th></th>\n",
       "      <th></th>\n",
       "      <th></th>\n",
       "      <th></th>\n",
       "      <th></th>\n",
       "      <th></th>\n",
       "      <th></th>\n",
       "    </tr>\n",
       "  </thead>\n",
       "  <tbody>\n",
       "    <tr>\n",
       "      <th>2019-07-21 21:00:00+00:00</th>\n",
       "      <td>12</td>\n",
       "      <td>1.12164</td>\n",
       "      <td>1.12131</td>\n",
       "      <td>0.00033</td>\n",
       "      <td>1.121475</td>\n",
       "      <td>1</td>\n",
       "      <td>NaN</td>\n",
       "      <td>0</td>\n",
       "      <td>NaN</td>\n",
       "      <td>0</td>\n",
       "      <td>NaN</td>\n",
       "      <td>NaN</td>\n",
       "      <td>0</td>\n",
       "      <td>0</td>\n",
       "    </tr>\n",
       "    <tr>\n",
       "      <th>2019-07-21 21:05:00+00:00</th>\n",
       "      <td>12</td>\n",
       "      <td>1.12182</td>\n",
       "      <td>1.12157</td>\n",
       "      <td>0.00025</td>\n",
       "      <td>1.121695</td>\n",
       "      <td>0</td>\n",
       "      <td>NaN</td>\n",
       "      <td>0</td>\n",
       "      <td>NaN</td>\n",
       "      <td>0</td>\n",
       "      <td>NaN</td>\n",
       "      <td>NaN</td>\n",
       "      <td>0</td>\n",
       "      <td>0</td>\n",
       "    </tr>\n",
       "    <tr>\n",
       "      <th>2019-07-21 21:10:00+00:00</th>\n",
       "      <td>1</td>\n",
       "      <td>1.12176</td>\n",
       "      <td>1.12158</td>\n",
       "      <td>0.00018</td>\n",
       "      <td>1.121670</td>\n",
       "      <td>1</td>\n",
       "      <td>NaN</td>\n",
       "      <td>0</td>\n",
       "      <td>NaN</td>\n",
       "      <td>0</td>\n",
       "      <td>NaN</td>\n",
       "      <td>NaN</td>\n",
       "      <td>0</td>\n",
       "      <td>0</td>\n",
       "    </tr>\n",
       "    <tr>\n",
       "      <th>2019-07-21 21:15:00+00:00</th>\n",
       "      <td>18</td>\n",
       "      <td>1.12190</td>\n",
       "      <td>1.12141</td>\n",
       "      <td>0.00049</td>\n",
       "      <td>1.121655</td>\n",
       "      <td>1</td>\n",
       "      <td>NaN</td>\n",
       "      <td>0</td>\n",
       "      <td>NaN</td>\n",
       "      <td>0</td>\n",
       "      <td>NaN</td>\n",
       "      <td>NaN</td>\n",
       "      <td>0</td>\n",
       "      <td>0</td>\n",
       "    </tr>\n",
       "    <tr>\n",
       "      <th>2019-07-21 21:20:00+00:00</th>\n",
       "      <td>9</td>\n",
       "      <td>1.12201</td>\n",
       "      <td>1.12167</td>\n",
       "      <td>0.00034</td>\n",
       "      <td>1.121840</td>\n",
       "      <td>0</td>\n",
       "      <td>NaN</td>\n",
       "      <td>0</td>\n",
       "      <td>NaN</td>\n",
       "      <td>0</td>\n",
       "      <td>NaN</td>\n",
       "      <td>NaN</td>\n",
       "      <td>0</td>\n",
       "      <td>0</td>\n",
       "    </tr>\n",
       "    <tr>\n",
       "      <th>...</th>\n",
       "      <td>...</td>\n",
       "      <td>...</td>\n",
       "      <td>...</td>\n",
       "      <td>...</td>\n",
       "      <td>...</td>\n",
       "      <td>...</td>\n",
       "      <td>...</td>\n",
       "      <td>...</td>\n",
       "      <td>...</td>\n",
       "      <td>...</td>\n",
       "      <td>...</td>\n",
       "      <td>...</td>\n",
       "      <td>...</td>\n",
       "      <td>...</td>\n",
       "    </tr>\n",
       "    <tr>\n",
       "      <th>2020-10-20 23:35:00+00:00</th>\n",
       "      <td>81</td>\n",
       "      <td>1.18275</td>\n",
       "      <td>1.18261</td>\n",
       "      <td>0.00014</td>\n",
       "      <td>1.182680</td>\n",
       "      <td>1</td>\n",
       "      <td>1.182943</td>\n",
       "      <td>0</td>\n",
       "      <td>46.178191</td>\n",
       "      <td>1</td>\n",
       "      <td>0.000000</td>\n",
       "      <td>29.662565</td>\n",
       "      <td>1</td>\n",
       "      <td>0</td>\n",
       "    </tr>\n",
       "    <tr>\n",
       "      <th>2020-10-20 23:40:00+00:00</th>\n",
       "      <td>92</td>\n",
       "      <td>1.18276</td>\n",
       "      <td>1.18263</td>\n",
       "      <td>0.00013</td>\n",
       "      <td>1.182695</td>\n",
       "      <td>0</td>\n",
       "      <td>1.182935</td>\n",
       "      <td>0</td>\n",
       "      <td>46.595704</td>\n",
       "      <td>0</td>\n",
       "      <td>2.192148</td>\n",
       "      <td>0.730716</td>\n",
       "      <td>0</td>\n",
       "      <td>1</td>\n",
       "    </tr>\n",
       "    <tr>\n",
       "      <th>2020-10-20 23:45:00+00:00</th>\n",
       "      <td>101</td>\n",
       "      <td>1.18275</td>\n",
       "      <td>1.18262</td>\n",
       "      <td>0.00013</td>\n",
       "      <td>1.182685</td>\n",
       "      <td>1</td>\n",
       "      <td>1.182928</td>\n",
       "      <td>1</td>\n",
       "      <td>46.204695</td>\n",
       "      <td>1</td>\n",
       "      <td>0.071912</td>\n",
       "      <td>0.754687</td>\n",
       "      <td>1</td>\n",
       "      <td>1</td>\n",
       "    </tr>\n",
       "    <tr>\n",
       "      <th>2020-10-20 23:50:00+00:00</th>\n",
       "      <td>63</td>\n",
       "      <td>1.18311</td>\n",
       "      <td>1.18297</td>\n",
       "      <td>0.00014</td>\n",
       "      <td>1.183040</td>\n",
       "      <td>0</td>\n",
       "      <td>1.182962</td>\n",
       "      <td>1</td>\n",
       "      <td>59.538954</td>\n",
       "      <td>0</td>\n",
       "      <td>100.000000</td>\n",
       "      <td>34.088020</td>\n",
       "      <td>0</td>\n",
       "      <td>1</td>\n",
       "    </tr>\n",
       "    <tr>\n",
       "      <th>2020-10-20 23:55:00+00:00</th>\n",
       "      <td>89</td>\n",
       "      <td>1.18298</td>\n",
       "      <td>1.18285</td>\n",
       "      <td>0.00013</td>\n",
       "      <td>1.182915</td>\n",
       "      <td>0</td>\n",
       "      <td>1.182968</td>\n",
       "      <td>0</td>\n",
       "      <td>54.242406</td>\n",
       "      <td>0</td>\n",
       "      <td>60.043915</td>\n",
       "      <td>53.371943</td>\n",
       "      <td>0</td>\n",
       "      <td>0</td>\n",
       "    </tr>\n",
       "  </tbody>\n",
       "</table>\n",
       "<p>93021 rows × 14 columns</p>\n",
       "</div>"
      ],
      "text/plain": [
       "                           volume      ask      bid   spread       mid  \\\n",
       "time                                                                     \n",
       "2019-07-21 21:00:00+00:00      12  1.12164  1.12131  0.00033  1.121475   \n",
       "2019-07-21 21:05:00+00:00      12  1.12182  1.12157  0.00025  1.121695   \n",
       "2019-07-21 21:10:00+00:00       1  1.12176  1.12158  0.00018  1.121670   \n",
       "2019-07-21 21:15:00+00:00      18  1.12190  1.12141  0.00049  1.121655   \n",
       "2019-07-21 21:20:00+00:00       9  1.12201  1.12167  0.00034  1.121840   \n",
       "...                           ...      ...      ...      ...       ...   \n",
       "2020-10-20 23:35:00+00:00      81  1.18275  1.18261  0.00014  1.182680   \n",
       "2020-10-20 23:40:00+00:00      92  1.18276  1.18263  0.00013  1.182695   \n",
       "2020-10-20 23:45:00+00:00     101  1.18275  1.18262  0.00013  1.182685   \n",
       "2020-10-20 23:50:00+00:00      63  1.18311  1.18297  0.00014  1.183040   \n",
       "2020-10-20 23:55:00+00:00      89  1.18298  1.18285  0.00013  1.182915   \n",
       "\n",
       "                           Ask_Dir       SMA  SMA_Dir        RSI  RSI_Dir  \\\n",
       "time                                                                        \n",
       "2019-07-21 21:00:00+00:00        1       NaN        0        NaN        0   \n",
       "2019-07-21 21:05:00+00:00        0       NaN        0        NaN        0   \n",
       "2019-07-21 21:10:00+00:00        1       NaN        0        NaN        0   \n",
       "2019-07-21 21:15:00+00:00        1       NaN        0        NaN        0   \n",
       "2019-07-21 21:20:00+00:00        0       NaN        0        NaN        0   \n",
       "...                            ...       ...      ...        ...      ...   \n",
       "2020-10-20 23:35:00+00:00        1  1.182943        0  46.178191        1   \n",
       "2020-10-20 23:40:00+00:00        0  1.182935        0  46.595704        0   \n",
       "2020-10-20 23:45:00+00:00        1  1.182928        1  46.204695        1   \n",
       "2020-10-20 23:50:00+00:00        0  1.182962        1  59.538954        0   \n",
       "2020-10-20 23:55:00+00:00        0  1.182968        0  54.242406        0   \n",
       "\n",
       "                                fastk      fastd  fastk_Dir  fastd_Dir  \n",
       "time                                                                    \n",
       "2019-07-21 21:00:00+00:00         NaN        NaN          0          0  \n",
       "2019-07-21 21:05:00+00:00         NaN        NaN          0          0  \n",
       "2019-07-21 21:10:00+00:00         NaN        NaN          0          0  \n",
       "2019-07-21 21:15:00+00:00         NaN        NaN          0          0  \n",
       "2019-07-21 21:20:00+00:00         NaN        NaN          0          0  \n",
       "...                               ...        ...        ...        ...  \n",
       "2020-10-20 23:35:00+00:00    0.000000  29.662565          1          0  \n",
       "2020-10-20 23:40:00+00:00    2.192148   0.730716          0          1  \n",
       "2020-10-20 23:45:00+00:00    0.071912   0.754687          1          1  \n",
       "2020-10-20 23:50:00+00:00  100.000000  34.088020          0          1  \n",
       "2020-10-20 23:55:00+00:00   60.043915  53.371943          0          0  \n",
       "\n",
       "[93021 rows x 14 columns]"
      ]
     },
     "execution_count": 6,
     "metadata": {},
     "output_type": "execute_result"
    }
   ],
   "source": [
    "df['Ask_Dir'] = np.where(df['ask'].shift(-1) > df.ask, 1, 0)\n",
    "\n",
    "\n",
    "df['SMA'] = abstract.SMA(df['ask'], timeperiod=12)\n",
    "df['SMA_Dir'] = np.where(df['SMA'].shift(-1) > df.SMA, 1, 0)\n",
    "\n",
    "\n",
    "df['RSI'] = abstract.RSI(df['ask'], timeperiod=12)\n",
    "df['RSI_Dir'] = np.where(df['RSI'].shift(-1) > df.RSI, 1, 0)\n",
    "\n",
    "df['fastk'], df['fastd'] = abstract.STOCHRSI(df[\"ask\"], timeperiod=14, fastk_period=5, fastd_period=3, fastd_matype=0)\n",
    "df['fastk_Dir'] = np.where(df['fastk'].shift(-1) > df.fastk, 1, 0)\n",
    "df['fastd_Dir'] = np.where(df['fastd'].shift(-1) > df.fastd, 1, 0)\n",
    "\n",
    "df"
   ]
  },
  {
   "cell_type": "code",
   "execution_count": 7,
   "metadata": {},
   "outputs": [
    {
     "data": {
      "text/html": [
       "<div>\n",
       "<style scoped>\n",
       "    .dataframe tbody tr th:only-of-type {\n",
       "        vertical-align: middle;\n",
       "    }\n",
       "\n",
       "    .dataframe tbody tr th {\n",
       "        vertical-align: top;\n",
       "    }\n",
       "\n",
       "    .dataframe thead th {\n",
       "        text-align: right;\n",
       "    }\n",
       "</style>\n",
       "<table border=\"1\" class=\"dataframe\">\n",
       "  <thead>\n",
       "    <tr style=\"text-align: right;\">\n",
       "      <th></th>\n",
       "      <th>volume</th>\n",
       "      <th>ask</th>\n",
       "      <th>bid</th>\n",
       "      <th>spread</th>\n",
       "      <th>mid</th>\n",
       "      <th>Ask_Dir</th>\n",
       "      <th>SMA</th>\n",
       "      <th>SMA_Dir</th>\n",
       "      <th>RSI</th>\n",
       "      <th>RSI_Dir</th>\n",
       "      <th>fastk</th>\n",
       "      <th>fastd</th>\n",
       "      <th>fastk_Dir</th>\n",
       "      <th>fastd_Dir</th>\n",
       "    </tr>\n",
       "  </thead>\n",
       "  <tbody>\n",
       "    <tr>\n",
       "      <th>volume</th>\n",
       "      <td>1.000000</td>\n",
       "      <td>0.193630</td>\n",
       "      <td>0.193824</td>\n",
       "      <td>-0.059111</td>\n",
       "      <td>0.193727</td>\n",
       "      <td>0.020259</td>\n",
       "      <td>0.193975</td>\n",
       "      <td>-0.007354</td>\n",
       "      <td>-0.005168</td>\n",
       "      <td>0.015921</td>\n",
       "      <td>-0.000603</td>\n",
       "      <td>0.000526</td>\n",
       "      <td>-0.000047</td>\n",
       "      <td>0.001130</td>\n",
       "    </tr>\n",
       "    <tr>\n",
       "      <th>ask</th>\n",
       "      <td>0.193630</td>\n",
       "      <td>1.000000</td>\n",
       "      <td>0.999995</td>\n",
       "      <td>0.018216</td>\n",
       "      <td>0.999999</td>\n",
       "      <td>0.004373</td>\n",
       "      <td>0.999841</td>\n",
       "      <td>0.032740</td>\n",
       "      <td>0.051958</td>\n",
       "      <td>0.003449</td>\n",
       "      <td>0.009124</td>\n",
       "      <td>0.011452</td>\n",
       "      <td>-0.002163</td>\n",
       "      <td>-0.000102</td>\n",
       "    </tr>\n",
       "    <tr>\n",
       "      <th>bid</th>\n",
       "      <td>0.193824</td>\n",
       "      <td>0.999995</td>\n",
       "      <td>1.000000</td>\n",
       "      <td>0.015100</td>\n",
       "      <td>0.999999</td>\n",
       "      <td>0.004466</td>\n",
       "      <td>0.999839</td>\n",
       "      <td>0.032507</td>\n",
       "      <td>0.051685</td>\n",
       "      <td>0.003544</td>\n",
       "      <td>0.009038</td>\n",
       "      <td>0.011372</td>\n",
       "      <td>-0.002080</td>\n",
       "      <td>-0.000055</td>\n",
       "    </tr>\n",
       "    <tr>\n",
       "      <th>spread</th>\n",
       "      <td>-0.059111</td>\n",
       "      <td>0.018216</td>\n",
       "      <td>0.015100</td>\n",
       "      <td>1.000000</td>\n",
       "      <td>0.016658</td>\n",
       "      <td>-0.029746</td>\n",
       "      <td>0.017169</td>\n",
       "      <td>0.075307</td>\n",
       "      <td>0.088621</td>\n",
       "      <td>-0.030403</td>\n",
       "      <td>0.027661</td>\n",
       "      <td>0.025813</td>\n",
       "      <td>-0.026623</td>\n",
       "      <td>-0.014836</td>\n",
       "    </tr>\n",
       "    <tr>\n",
       "      <th>mid</th>\n",
       "      <td>0.193727</td>\n",
       "      <td>0.999999</td>\n",
       "      <td>0.999999</td>\n",
       "      <td>0.016658</td>\n",
       "      <td>1.000000</td>\n",
       "      <td>0.004419</td>\n",
       "      <td>0.999841</td>\n",
       "      <td>0.032624</td>\n",
       "      <td>0.051822</td>\n",
       "      <td>0.003497</td>\n",
       "      <td>0.009081</td>\n",
       "      <td>0.011412</td>\n",
       "      <td>-0.002122</td>\n",
       "      <td>-0.000079</td>\n",
       "    </tr>\n",
       "    <tr>\n",
       "      <th>Ask_Dir</th>\n",
       "      <td>0.020259</td>\n",
       "      <td>0.004373</td>\n",
       "      <td>0.004466</td>\n",
       "      <td>-0.029746</td>\n",
       "      <td>0.004419</td>\n",
       "      <td>1.000000</td>\n",
       "      <td>0.005019</td>\n",
       "      <td>0.159675</td>\n",
       "      <td>-0.044224</td>\n",
       "      <td>0.988874</td>\n",
       "      <td>-0.032948</td>\n",
       "      <td>-0.024527</td>\n",
       "      <td>0.726272</td>\n",
       "      <td>0.408556</td>\n",
       "    </tr>\n",
       "    <tr>\n",
       "      <th>SMA</th>\n",
       "      <td>0.193975</td>\n",
       "      <td>0.999841</td>\n",
       "      <td>0.999839</td>\n",
       "      <td>0.017169</td>\n",
       "      <td>0.999841</td>\n",
       "      <td>0.005019</td>\n",
       "      <td>1.000000</td>\n",
       "      <td>0.023299</td>\n",
       "      <td>0.038746</td>\n",
       "      <td>0.004099</td>\n",
       "      <td>0.001325</td>\n",
       "      <td>0.002404</td>\n",
       "      <td>0.001206</td>\n",
       "      <td>0.002082</td>\n",
       "    </tr>\n",
       "    <tr>\n",
       "      <th>SMA_Dir</th>\n",
       "      <td>-0.007354</td>\n",
       "      <td>0.032740</td>\n",
       "      <td>0.032507</td>\n",
       "      <td>0.075307</td>\n",
       "      <td>0.032624</td>\n",
       "      <td>0.159675</td>\n",
       "      <td>0.023299</td>\n",
       "      <td>1.000000</td>\n",
       "      <td>0.657719</td>\n",
       "      <td>0.159385</td>\n",
       "      <td>0.214227</td>\n",
       "      <td>0.289445</td>\n",
       "      <td>0.038590</td>\n",
       "      <td>-0.018422</td>\n",
       "    </tr>\n",
       "    <tr>\n",
       "      <th>RSI</th>\n",
       "      <td>-0.005168</td>\n",
       "      <td>0.051958</td>\n",
       "      <td>0.051685</td>\n",
       "      <td>0.088621</td>\n",
       "      <td>0.051822</td>\n",
       "      <td>-0.044224</td>\n",
       "      <td>0.038746</td>\n",
       "      <td>0.657719</td>\n",
       "      <td>1.000000</td>\n",
       "      <td>-0.043890</td>\n",
       "      <td>0.388405</td>\n",
       "      <td>0.441773</td>\n",
       "      <td>-0.178831</td>\n",
       "      <td>-0.123673</td>\n",
       "    </tr>\n",
       "    <tr>\n",
       "      <th>RSI_Dir</th>\n",
       "      <td>0.015921</td>\n",
       "      <td>0.003449</td>\n",
       "      <td>0.003544</td>\n",
       "      <td>-0.030403</td>\n",
       "      <td>0.003497</td>\n",
       "      <td>0.988874</td>\n",
       "      <td>0.004099</td>\n",
       "      <td>0.159385</td>\n",
       "      <td>-0.043890</td>\n",
       "      <td>1.000000</td>\n",
       "      <td>-0.031970</td>\n",
       "      <td>-0.023804</td>\n",
       "      <td>0.722169</td>\n",
       "      <td>0.409167</td>\n",
       "    </tr>\n",
       "    <tr>\n",
       "      <th>fastk</th>\n",
       "      <td>-0.000603</td>\n",
       "      <td>0.009124</td>\n",
       "      <td>0.009038</td>\n",
       "      <td>0.027661</td>\n",
       "      <td>0.009081</td>\n",
       "      <td>-0.032948</td>\n",
       "      <td>0.001325</td>\n",
       "      <td>0.214227</td>\n",
       "      <td>0.388405</td>\n",
       "      <td>-0.031970</td>\n",
       "      <td>1.000000</td>\n",
       "      <td>0.740095</td>\n",
       "      <td>-0.320336</td>\n",
       "      <td>0.153447</td>\n",
       "    </tr>\n",
       "    <tr>\n",
       "      <th>fastd</th>\n",
       "      <td>0.000526</td>\n",
       "      <td>0.011452</td>\n",
       "      <td>0.011372</td>\n",
       "      <td>0.025813</td>\n",
       "      <td>0.011412</td>\n",
       "      <td>-0.024527</td>\n",
       "      <td>0.002404</td>\n",
       "      <td>0.289445</td>\n",
       "      <td>0.441773</td>\n",
       "      <td>-0.023804</td>\n",
       "      <td>0.740095</td>\n",
       "      <td>1.000000</td>\n",
       "      <td>-0.272616</td>\n",
       "      <td>-0.239168</td>\n",
       "    </tr>\n",
       "    <tr>\n",
       "      <th>fastk_Dir</th>\n",
       "      <td>-0.000047</td>\n",
       "      <td>-0.002163</td>\n",
       "      <td>-0.002080</td>\n",
       "      <td>-0.026623</td>\n",
       "      <td>-0.002122</td>\n",
       "      <td>0.726272</td>\n",
       "      <td>0.001206</td>\n",
       "      <td>0.038590</td>\n",
       "      <td>-0.178831</td>\n",
       "      <td>0.722169</td>\n",
       "      <td>-0.320336</td>\n",
       "      <td>-0.272616</td>\n",
       "      <td>1.000000</td>\n",
       "      <td>0.363931</td>\n",
       "    </tr>\n",
       "    <tr>\n",
       "      <th>fastd_Dir</th>\n",
       "      <td>0.001130</td>\n",
       "      <td>-0.000102</td>\n",
       "      <td>-0.000055</td>\n",
       "      <td>-0.014836</td>\n",
       "      <td>-0.000079</td>\n",
       "      <td>0.408556</td>\n",
       "      <td>0.002082</td>\n",
       "      <td>-0.018422</td>\n",
       "      <td>-0.123673</td>\n",
       "      <td>0.409167</td>\n",
       "      <td>0.153447</td>\n",
       "      <td>-0.239168</td>\n",
       "      <td>0.363931</td>\n",
       "      <td>1.000000</td>\n",
       "    </tr>\n",
       "  </tbody>\n",
       "</table>\n",
       "</div>"
      ],
      "text/plain": [
       "             volume       ask       bid    spread       mid   Ask_Dir  \\\n",
       "volume     1.000000  0.193630  0.193824 -0.059111  0.193727  0.020259   \n",
       "ask        0.193630  1.000000  0.999995  0.018216  0.999999  0.004373   \n",
       "bid        0.193824  0.999995  1.000000  0.015100  0.999999  0.004466   \n",
       "spread    -0.059111  0.018216  0.015100  1.000000  0.016658 -0.029746   \n",
       "mid        0.193727  0.999999  0.999999  0.016658  1.000000  0.004419   \n",
       "Ask_Dir    0.020259  0.004373  0.004466 -0.029746  0.004419  1.000000   \n",
       "SMA        0.193975  0.999841  0.999839  0.017169  0.999841  0.005019   \n",
       "SMA_Dir   -0.007354  0.032740  0.032507  0.075307  0.032624  0.159675   \n",
       "RSI       -0.005168  0.051958  0.051685  0.088621  0.051822 -0.044224   \n",
       "RSI_Dir    0.015921  0.003449  0.003544 -0.030403  0.003497  0.988874   \n",
       "fastk     -0.000603  0.009124  0.009038  0.027661  0.009081 -0.032948   \n",
       "fastd      0.000526  0.011452  0.011372  0.025813  0.011412 -0.024527   \n",
       "fastk_Dir -0.000047 -0.002163 -0.002080 -0.026623 -0.002122  0.726272   \n",
       "fastd_Dir  0.001130 -0.000102 -0.000055 -0.014836 -0.000079  0.408556   \n",
       "\n",
       "                SMA   SMA_Dir       RSI   RSI_Dir     fastk     fastd  \\\n",
       "volume     0.193975 -0.007354 -0.005168  0.015921 -0.000603  0.000526   \n",
       "ask        0.999841  0.032740  0.051958  0.003449  0.009124  0.011452   \n",
       "bid        0.999839  0.032507  0.051685  0.003544  0.009038  0.011372   \n",
       "spread     0.017169  0.075307  0.088621 -0.030403  0.027661  0.025813   \n",
       "mid        0.999841  0.032624  0.051822  0.003497  0.009081  0.011412   \n",
       "Ask_Dir    0.005019  0.159675 -0.044224  0.988874 -0.032948 -0.024527   \n",
       "SMA        1.000000  0.023299  0.038746  0.004099  0.001325  0.002404   \n",
       "SMA_Dir    0.023299  1.000000  0.657719  0.159385  0.214227  0.289445   \n",
       "RSI        0.038746  0.657719  1.000000 -0.043890  0.388405  0.441773   \n",
       "RSI_Dir    0.004099  0.159385 -0.043890  1.000000 -0.031970 -0.023804   \n",
       "fastk      0.001325  0.214227  0.388405 -0.031970  1.000000  0.740095   \n",
       "fastd      0.002404  0.289445  0.441773 -0.023804  0.740095  1.000000   \n",
       "fastk_Dir  0.001206  0.038590 -0.178831  0.722169 -0.320336 -0.272616   \n",
       "fastd_Dir  0.002082 -0.018422 -0.123673  0.409167  0.153447 -0.239168   \n",
       "\n",
       "           fastk_Dir  fastd_Dir  \n",
       "volume     -0.000047   0.001130  \n",
       "ask        -0.002163  -0.000102  \n",
       "bid        -0.002080  -0.000055  \n",
       "spread     -0.026623  -0.014836  \n",
       "mid        -0.002122  -0.000079  \n",
       "Ask_Dir     0.726272   0.408556  \n",
       "SMA         0.001206   0.002082  \n",
       "SMA_Dir     0.038590  -0.018422  \n",
       "RSI        -0.178831  -0.123673  \n",
       "RSI_Dir     0.722169   0.409167  \n",
       "fastk      -0.320336   0.153447  \n",
       "fastd      -0.272616  -0.239168  \n",
       "fastk_Dir   1.000000   0.363931  \n",
       "fastd_Dir   0.363931   1.000000  "
      ]
     },
     "execution_count": 7,
     "metadata": {},
     "output_type": "execute_result"
    }
   ],
   "source": [
    "df.corr()"
   ]
  }
 ],
 "metadata": {
  "kernelspec": {
   "display_name": "Python 3",
   "language": "python",
   "name": "python3"
  },
  "language_info": {
   "codemirror_mode": {
    "name": "ipython",
    "version": 3
   },
   "file_extension": ".py",
   "mimetype": "text/x-python",
   "name": "python",
   "nbconvert_exporter": "python",
   "pygments_lexer": "ipython3",
   "version": "3.9.13"
  }
 },
 "nbformat": 4,
 "nbformat_minor": 4
}
